version https://git-lfs.github.com/spec/v1
oid sha256:7c20dfa7e9dc2abd2116a71355f1e578760c993eb7da341d04ec993db8ebb5be
size 267
